a=[1:10]
c=a^2
